0 40 25 0
1000 0x800421a0 11 44 0 0 0 0 0 0 1 0
1001 1 1 9 48 0 0 0 0 0 0 0 
1001 1 1 10 48 0 0 0 0 0 0 0 
1001 1 1 11 48 0 0 0 0 0 0 0 
1001 1 1 12 48 0 0 0 0 0 0 0 
1001 1 1 13 48 0 0 0 0 0 0 0 
1001 1 1 14 48 0 0 0 0 0 0 0 
1001 1 1 15 48 0 0 0 0 0 0 0 
1001 1 1 16 48 0 0 0 0 0 0 0 
1001 1 1 17 48 0 0 0 0 0 0 0 
1001 1 1 18 48 0 0 0 0 0 0 0 
1001 1 1 19 48 0 0 0 0 0 0 0 
1001 1 1 20 48 0 0 0 0 0 0 0 
1001 1 1 21 48 0 0 0 0 0 0 0 
1001 1 1 22 48 0 0 0 0 0 0 0 
1001 1 1 23 48 0 0 0 0 0 0 0 
1001 1 1 24 48 0 0 0 0 0 0 0 
1001 1 1 24 47 0 0 0 0 0 0 0 
1001 1 1 24 46 0 0 0 0 0 0 0 
1001 1 1 25 46 0 0 0 0 0 0 0 
1001 1 1 25 45 0 0 0 0 0 0 0 
1001 1 1 26 45 0 0 0 0 0 0 0 
1001 1 1 26 44 0 0 0 0 0 0 0 
1001 1 1 26 43 0 0 0 0 0 0 0 
1001 1 1 26 42 0 0 0 0 0 0 0 
1001 1 1 26 41 0 0 0 0 0 0 0 
1001 1 1 26 40 0 0 0 0 0 0 0 
1001 1 1 26 39 0 0 0 0 0 0 0 
1001 1 1 26 38 0 0 0 0 0 0 0 
1001 1 1 26 37 0 0 0 0 0 0 0 
1001 1 1 26 36 0 0 0 0 0 0 0 
1001 1 1 26 35 0 0 0 0 0 0 0 
1001 1 1 27 35 0 0 0 0 0 0 0 
1001 1 1 27 34 0 0 0 0 0 0 0 
1001 1 1 28 34 0 0 0 0 0 0 0 
1001 1 1 29 34 0 0 0 0 0 0 0 
1001 1 1 30 34 0 0 0 0 0 0 0 
1001 1 1 31 34 0 0 0 0 0 0 0 
1001 1 1 32 34 0 0 0 0 0 0 0 
1001 1 1 33 34 0 0 0 0 0 0 0 
1001 1 1 34 34 0 0 0 0 0 0 0 
1001 1 1 35 34 0 0 0 0 0 0 0 
1001 1 1 36 34 0 0 0 0 0 0 0 
1001 1 1 37 34 0 0 0 0 0 0 0 
1001 1 1 38 34 0 0 0 0 0 0 0 
1001 1 1 38 35 0 0 0 0 0 0 0 
1001 1 1 39 35 0 0 0 0 0 0 0 
1001 1 1 23 47 0 0 0 0 0 0 0 
1001 1 1 23 46 0 0 0 0 0 0 0 
1001 1 1 23 45 0 0 0 0 0 0 0 
1001 1 1 23 44 0 0 0 0 0 0 0 
1001 1 1 24 44 0 0 0 0 0 0 0 
1001 1 1 25 44 0 0 0 0 0 0 0 
1001 1 1 24 45 0 0 0 0 0 0 0 
1001 1 1 25 48 0 0 0 0 0 0 0 
1001 1 1 26 48 0 0 0 0 0 0 0 
1001 1 1 26 47 0 0 0 0 0 0 0 
1001 1 1 26 46 0 0 0 0 0 0 0 
1001 1 1 25 47 0 0 0 0 0 0 0 
1001 1 1 26 34 0 0 0 0 0 0 0 
1001 1 1 27 36 0 0 0 0 0 0 0 
1001 1 1 28 35 0 0 0 0 0 0 0 
1001 1 1 28 36 0 0 0 0 0 0 0 
1001 1 1 37 35 0 0 0 0 0 0 0 
1001 1 1 39 34 0 0 0 0 0 0 0 
