0 40 25.3296 0
1001 1 1 1 50 0 0 0 0 0 0 0 
1001 1 1 2 50 0 0 0 0 0 0 0 
1001 1 1 2 49 0 0 0 0 0 0 0 
1001 1 1 3 49 0 0 0 0 0 0 0 
1001 1 1 4 49 0 0 0 0 0 0 0 
1001 1 1 5 49 0 0 0 0 0 0 0 
1001 1 1 6 49 0 0 0 0 0 0 0 
1001 1 1 7 49 0 0 0 0 0 0 0 
1001 1 1 8 49 0 0 0 0 0 0 0 
1001 1 1 9 49 0 0 0 0 0 0 0 
1001 1 1 10 49 0 0 0 0 0 0 0 
1001 1 1 10 48 0 0 0 0 0 0 0 
1001 1 1 11 48 0 0 0 0 0 0 0 
1001 1 1 12 48 0 0 0 0 0 0 0 
1001 1 1 13 48 0 0 0 0 0 0 0 
1001 1 1 13 47 0 0 0 0 0 0 0 
1001 1 1 14 47 0 0 0 0 0 0 0 
1001 1 1 15 47 0 0 0 0 0 0 0 
1001 1 1 16 47 0 0 0 0 0 0 0 
1001 1 1 17 47 0 0 0 0 0 0 0 
1001 1 1 18 47 0 0 0 0 0 0 0 
1001 1 1 18 48 0 0 0 0 0 0 0 
1001 1 1 19 48 0 0 0 0 0 0 0 
1001 1 1 20 48 0 0 0 0 0 0 0 
1001 1 1 21 48 0 0 0 0 0 0 0 
1001 1 1 22 48 0 0 0 0 0 0 0 
1001 1 1 23 48 0 0 0 0 0 0 0 
1001 1 1 24 48 0 0 0 0 0 0 0 
1001 1 1 24 47 0 0 0 0 0 0 0 
1001 1 1 25 47 0 0 0 0 0 0 0 
1001 1 1 26 47 0 0 0 0 0 0 0 
1001 1 1 27 47 0 0 0 0 0 0 0 
1001 1 1 28 47 0 0 0 0 0 0 0 
1001 1 1 29 47 0 0 0 0 0 0 0 
1001 1 1 30 47 0 0 0 0 0 0 0 
1001 1 1 30 46 0 0 0 0 0 0 0 
1001 1 1 30 45 0 0 0 0 0 0 0 
1001 1 1 31 45 0 0 0 0 0 0 0 
1001 1 1 32 45 0 0 0 0 0 0 0 
1001 1 1 33 45 0 0 0 0 0 0 0 
1001 1 1 34 45 0 0 0 0 0 0 0 
1001 1 1 35 45 0 0 0 0 0 0 0 
1001 1 1 36 45 0 0 0 0 0 0 0 
1004 35 42 0 0 0 0 0 0 0 3 -1 0
1001 1 1 37 45 0 0 0 0 0 0 0 
1001 1 1 38 45 0 0 0 0 0 0 0 
1001 1 1 39 45 0 0 0 0 0 0 0 
1001 1 1 39 44 0 0 0 0 0 0 0 
1001 1 1 39 43 0 0 0 0 0 0 0 
1001 1 1 39 42 0 0 0 0 0 0 0 
1001 1 1 39 41 0 0 0 0 0 0 0 
1001 1 1 39 40 0 0 0 0 0 0 0 
1001 1 1 39 39 0 0 0 0 0 0 0 
1001 1 1 38 39 0 0 0 0 0 0 0 
1001 1 1 37 39 0 0 0 0 0 0 0 
1001 1 1 36 39 0 0 0 0 0 0 0 
1001 1 1 34 39 0 0 0 0 0 0 0 
1001 1 1 35 39 0 0 0 0 0 0 0 
1001 1 1 8 30 0 0 0 0 0 0 0 
1001 1 1 9 30 0 0 0 0 0 0 0 
1001 1 1 10 30 0 0 0 0 0 0 0 
1001 1 1 11 30 0 0 0 0 0 0 0 
1001 1 1 12 30 0 0 0 0 0 0 0 
1001 1 1 13 30 0 0 0 0 0 0 0 
1001 1 1 14 30 0 0 0 0 0 0 0 
1001 1 1 8 31 0 0 0 0 0 0 0 
1001 1 1 8 32 0 0 0 0 0 0 0 
1001 1 1 8 33 0 0 0 0 0 0 0 
1001 1 1 8 34 0 0 0 0 0 0 0 
1001 1 1 8 35 0 0 0 0 0 0 0 
1001 1 1 8 36 0 0 0 0 0 0 0 
1001 1 1 9 36 0 0 0 0 0 0 0 
1001 1 1 10 36 0 0 0 0 0 0 0 
1001 1 1 11 36 0 0 0 0 0 0 0 
1001 1 1 12 36 0 0 0 0 0 0 0 
1001 1 1 13 36 0 0 0 0 0 0 0 
1001 1 1 14 36 0 0 0 0 0 0 0 
1001 1 1 15 36 0 0 0 0 0 0 0 
1001 1 1 16 36 0 0 0 0 0 0 0 
1001 1 1 17 36 0 0 0 0 0 0 0 
1001 1 1 18 36 0 0 0 0 0 0 0 
1001 1 1 19 36 0 0 0 0 0 0 0 
1001 1 1 20 36 0 0 0 0 0 0 0 
1001 1 1 20 37 0 0 0 0 0 0 0 
1001 1 1 20 38 0 0 0 0 0 0 0 
1001 1 1 7 31 0 0 0 0 0 0 0 
1001 1 1 6 31 0 0 0 0 0 0 0 
1001 1 1 5 31 0 0 0 0 0 0 0 
1001 1 1 4 31 0 0 0 0 0 0 0 
1001 1 1 3 31 0 0 0 0 0 0 0 
1001 1 1 2 31 0 0 0 0 0 0 0 
1001 1 1 1 31 0 0 0 0 0 0 0 
1001 1 1 29 34 0 0 0 0 0 0 0 
1001 1 1 29 35 0 0 0 0 0 0 0 
1001 1 1 28 34 0 0 0 0 0 0 0 
1001 1 1 27 34 0 0 0 0 0 0 0 
1001 1 1 26 34 0 0 0 0 0 0 0 
1001 1 1 18 30 0 0 0 0 0 0 0 
1001 1 1 19 30 0 0 0 0 0 0 0 
1001 1 1 20 30 0 0 0 0 0 0 0 
1001 1 1 21 30 0 0 0 0 0 0 0 
1001 1 1 21 31 0 0 0 0 0 0 0 
1001 1 1 15 23 0 0 0 0 0 0 0 
1001 1 1 15 24 0 0 0 0 0 0 0 
1001 1 1 15 25 0 0 0 0 0 0 0 
1001 1 1 16 25 0 0 0 0 0 0 0 
1001 1 1 17 25 0 0 0 0 0 0 0 
1001 1 1 18 25 0 0 0 0 0 0 0 
1001 1 1 14 23 0 0 0 0 0 0 0 
1001 1 1 13 23 0 0 0 0 0 0 0 
1001 1 1 12 23 0 0 0 0 0 0 0 
1001 1 1 11 22.9033 0 0 0 0 0 0 0 
1001 1 1 25 16.9033 0 0 0 0 0 0 0 
1001 1 1 26 16.9033 0 0 0 0 0 0 0 
1001 1 1 27 16.9033 0 0 0 0 0 0 0 
1001 1 1 28 16.9033 0 0 0 0 0 0 0 
1001 1 1 29 16.9033 0 0 0 0 0 0 0 
1001 1 1 30 16.9033 0 0 0 0 0 0 0 
1001 1 1 24 16.9033 0 0 0 0 0 0 0 
1001 1 1 37 20.2598 0 0 0 0 0 0 0 
1001 1 1 38 20.2598 0 0 0 0 0 0 0 
1001 1 1 39 20.2598 0 0 0 0 0 0 0 
1001 1 1 40 20.2598 0 0 0 0 0 0 0 
1001 1 1 41 20.2598 0 0 0 0 0 0 0 
1001 1 1 42 20.2598 0 0 0 0 0 0 0 
1001 1 1 43 20.2598 0 0 0 0 0 0 0 
1001 1 1 44 20.2598 0 0 0 0 0 0 0 
1001 1 1 44 21.2598 0 0 0 0 0 0 0 
1001 1 1 44 22.2598 0 0 0 0 0 0 0 
1001 1 1 43 22.2598 0 0 0 0 0 0 0 
1001 1 1 43 23.2598 0 0 0 0 0 0 0 
1001 1 1 43 24.2598 0 0 0 0 0 0 0 
1001 1 1 44 24.2598 0 0 0 0 0 0 0 
1001 1 1 44 25.2598 0 0 0 0 0 0 0 
1001 1 1 44 26.2598 0 0 0 0 0 0 0 
1001 1 1 44 28.2598 0 0 0 0 0 0 0 
1001 1 1 43 28.2598 0 0 0 0 0 0 0 
1001 1 1 43 26.2598 0 0 0 0 0 0 0 
1001 1 1 44 29.2598 0 0 0 0 0 0 0 
1001 1 1 44 30.2598 0 0 0 0 0 0 0 
1001 1 1 43 30.2598 0 0 0 0 0 0 0 
1001 1 1 43 31.2598 0 0 0 0 0 0 0 
1001 1 1 43 33.2598 0 0 0 0 0 0 0 
1001 1 1 43 34.2598 0 0 0 0 0 0 0 
1001 1 1 44 34.2598 0 0 0 0 0 0 0 
1001 1 1 44 35.2598 0 0 0 0 0 0 0 
1001 1 1 44 38.2598 0 0 0 0 0 0 0 
1001 1 1 44 37.2598 0 0 0 0 0 0 0 
1001 1 1 44 39.2598 0 0 0 0 0 0 0 
1001 1 1 43 39.2598 0 0 0 0 0 0 0 
1001 1 1 43 40.2598 0 0 0 0 0 0 0 
1001 1 1 43 41.2598 0 0 0 0 0 0 0 
1001 1 1 44 41.2598 0 0 0 0 0 0 0 
1001 1 1 44 42.2598 0 0 0 0 0 0 0 
1001 1 1 44 43.2598 0 0 0 0 0 0 0 
1001 1 1 44 44.2598 0 0 0 0 0 0 0 
1001 1 1 44 45.2598 0 0 0 0 0 0 0 
1001 1 1 44 46.2598 0 0 0 0 0 0 0 
1001 1 1 44 47.2598 0 0 0 0 0 0 0 
1001 1 1 44 48.2598 0 0 0 0 0 0 0 
1001 1 1 44 49.2598 0 0 0 0 0 0 0 
1001 1 1 44 50.2598 0 0 0 0 0 0 0 
1001 1 1 45 29.2598 0 0 0 0 0 0 0 
1001 1 1 46 29.2598 0 0 0 0 0 0 0 
1001 1 1 47 29.2598 0 0 0 0 0 0 0 
1001 1 1 53 20.2598 0 0 0 0 0 0 0 
1001 1 1 54 20.2598 0 0 0 0 0 0 0 
1001 1 1 55 20.2598 0 0 0 0 0 0 0 
1001 1 1 56 20.2598 0 0 0 0 0 0 0 
1001 1 1 57 20.2598 0 0 0 0 0 0 0 
1001 1 1 58 20.2598 0 0 0 0 0 0 0 
1001 1 1 59 20.2598 0 0 0 0 0 0 0 
1001 1 1 60 20.2598 0 0 0 0 0 0 0 
1001 1 1 61 20.2598 0 0 0 0 0 0 0 
1001 1 1 53 21.2598 0 0 0 0 0 0 0 
1001 1 1 53 22.2598 0 0 0 0 0 0 0 
1001 1 1 54 22.2598 0 0 0 0 0 0 0 
1001 1 1 54 23.2598 0 0 0 0 0 0 0 
1001 1 1 54 24.2598 0 0 0 0 0 0 0 
1001 1 1 53 24.2598 0 0 0 0 0 0 0 
1001 1 1 53 25.2598 0 0 0 0 0 0 0 
1001 1 1 53 26.2598 0 0 0 0 0 0 0 
1001 1 1 54 26.2598 0 0 0 0 0 0 0 
1001 1 1 54 28.2598 0 0 0 0 0 0 0 
1001 1 1 54 29.2598 0 0 0 0 0 0 0 
1001 1 1 53 29.2598 0 0 0 0 0 0 0 
1001 1 1 53 30.2598 0 0 0 0 0 0 0 
1001 1 1 53 31.2598 0 0 0 0 0 0 0 
1001 1 1 54 31.2598 0 0 0 0 0 0 0 
1001 1 1 54 33.2598 0 0 0 0 0 0 0 
1001 1 1 53 33.2598 0 0 0 0 0 0 0 
1001 1 1 53 34.2598 0 0 0 0 0 0 0 
1001 1 1 53 35.2598 0 0 0 0 0 0 0 
1001 1 1 54 35.2598 0 0 0 0 0 0 0 
1001 1 1 54 37.2598 0 0 0 0 0 0 0 
1001 1 1 53 37.2598 0 0 0 0 0 0 0 
1001 1 1 53 38.2598 0 0 0 0 0 0 0 
1001 1 1 53 39.2598 0 0 0 0 0 0 0 
1001 1 1 54 39.2598 0 0 0 0 0 0 0 
1001 1 1 54 40.2598 0 0 0 0 0 0 0 
1001 1 1 54 41.2598 0 0 0 0 0 0 0 
1001 1 1 53 41.2598 0 0 0 0 0 0 0 
1001 1 1 53 42.2598 0 0 0 0 0 0 0 
1001 1 1 53 43.2598 0 0 0 0 0 0 0 
1001 1 1 53 44.2598 0 0 0 0 0 0 0 
1001 1 1 53 45.2598 0 0 0 0 0 0 0 
1001 1 1 53 46.2598 0 0 0 0 0 0 0 
1001 1 1 53 47.2598 0 0 0 0 0 0 0 
1001 1 1 53 48.2598 0 0 0 0 0 0 0 
1001 1 1 53 49.2598 0 0 0 0 0 0 0 
1001 1 1 53 50.2598 0 0 0 0 0 0 0 
1001 1 1 45 50.2598 0 0 0 0 0 0 0 
1001 1 1 46 50.2598 0 0 0 0 0 0 0 
1001 1 1 47 50.2598 0 0 0 0 0 0 0 
1001 1 1 48 50.2598 0 0 0 0 0 0 0 
1001 1 1 49 50.2598 0 0 0 0 0 0 0 
1001 1 1 50 50.2598 0 0 0 0 0 0 0 
1001 1 1 51 50.2598 0 0 0 0 0 0 0 
1001 1 1 52 50.2598 0 0 0 0 0 0 0 
1001 1 1 52 33.2598 0 0 0 0 0 0 0 
1001 1 1 51 33.2598 0 0 0 0 0 0 0 
1001 1 1 50 33.2598 0 0 0 0 0 0 0 
1001 1 1 45 37.2598 0 0 0 0 0 0 0 
1001 1 1 46 37.2598 0 0 0 0 0 0 0 
1001 1 1 47 37.2598 0 0 0 0 0 0 0 
1001 1 1 52 41.2598 0 0 0 0 0 0 0 
1001 1 1 51 41.2598 0 0 0 0 0 0 0 
1001 1 1 50 41.2598 0 0 0 0 0 0 0 
1007 50 48.2598 0 0 0 0 0 0 16 2
1004 5 27.2598 0 0 0 0 0 0 0 3 1 0
1004 22 36.2598 0 0 0 0 0 0 0 3 1 0
1001 1 1 21 39.2598 0 0 0 0 0 0 0 
1001 1 1 19 37.2598 0 0 0 0 0 0 0 
1001 1 1 21 38.2598 0 0 0 0 0 0 0 
1001 1 1 22 38.2598 0 0 0 0 0 0 0 
1001 1 1 23 38.2598 0 0 0 0 0 0 0 
1001 1 1 22 39.2598 0 0 0 0 0 0 0 
1001 1 1 23 39.2598 0 0 0 0 0 0 0 
1001 1 1 24 39.2598 0 0 0 0 0 0 0 
1001 1 1 19 35.2598 0 0 0 0 0 0 0 
1001 1 1 18 35.2598 0 0 0 0 0 0 0 
1001 1 1 16 37.2598 0 0 0 0 0 0 0 
1001 1 1 15 37.2598 0 0 0 0 0 0 0 
1001 1 1 13 35.2598 0 0 0 0 0 0 0 
1001 1 1 12 35.2598 0 0 0 0 0 0 0 
1001 1 1 10 37.2598 0 0 0 0 0 0 0 
1001 1 1 9 37.2598 0 0 0 0 0 0 0 
1004 12 32.2598 0 0 0 0 0 0 0 3 1 0
1001 1 1 9 31.2598 0 0 0 0 0 0 0 
1001 1 1 9 34.2598 0 0 0 0 0 0 0 
1001 1 1 10 35.2598 0 0 0 0 0 0 0 
1001 1 1 9 35.2598 0 0 0 0 0 0 0 
1001 1 1 9 29.2598 0 0 0 0 0 0 0 
1001 1 1 10 29.2598 0 0 0 0 0 0 0 
1001 1 1 13 29.2598 0 0 0 0 0 0 0 
1001 1 1 14 29.2598 0 0 0 0 0 0 0 
1001 1 1 15 30.2598 0 0 0 0 0 0 0 
1001 1 1 20 29.2598 0 0 0 0 0 0 0 
1001 1 1 19 29.2598 0 0 0 0 0 0 0 
1001 1 1 22 31.2598 0 0 0 0 0 0 0 
1001 1 1 28 35.2598 0 0 0 0 0 0 0 
1001 1 1 30 34.2598 0 0 0 0 0 0 0 
1001 1 1 3 30.2598 0 0 0 0 0 0 0 
1001 1 1 3 29.2598 0 0 0 0 0 0 0 
1001 1 1 4 30.2598 0 0 0 0 0 0 0 
1001 1 1 10 23.2598 0 0 0 0 0 0 0 
1001 1 1 9 23.2598 0 0 0 0 0 0 0 
1001 1 1 9 24.2598 0 0 0 0 0 0 0 
1001 1 1 10 24.2598 0 0 0 0 0 0 0 
1001 1 1 14 24.2598 0 0 0 0 0 0 0 
1001 1 1 16 23.2598 0 0 0 0 0 0 0 
1001 1 1 17 24.2598 0 0 0 0 0 0 0 
1001 1 1 17 23.2598 0 0 0 0 0 0 0 
1001 1 1 28 17.8916 0 0 0 0 0 0 0 
1001 1 1 26 17.8916 0 0 0 0 0 0 0 
1001 1 1 27 17.8916 0 0 0 0 0 0 0 
1001 1 1 26 18.8916 0 0 0 0 0 0 0 
1001 1 1 27 18.8916 0 0 0 0 0 0 0 
1001 1 1 25 17.8916 0 0 0 0 0 0 0 
1001 1 1 39 20.8916 0 0 0 0 0 0 0 
1001 1 1 40 20.8916 0 0 0 0 0 0 0 
1001 1 1 41 18.8916 0 0 0 0 0 0 0 
1001 1 1 42 18.8916 0 0 0 0 0 0 0 
1001 1 1 57 20.8916 0 0 0 0 0 0 0 
1001 1 1 58 20.8916 0 0 0 0 0 0 0 
1001 1 1 59 18.8916 0 0 0 0 0 0 0 
1001 1 1 61 18.8916 0 0 0 0 0 0 0 
1001 1 1 60 18.8916 0 0 0 0 0 0 0 
1000 0xf62940 4 46.1499 0 0 0 0 0 0 1 0
1001 1 1 38 38.1499 0 0 0 0 0 0 2 
1001 1 1 39 38.1499 0 0 0 0 0 0 2 
1001 1 1 45 30.1499 0 0 0 0 0 0 2 
1001 1 1 52 34.1499 0 0 0 0 0 0 2 
1001 1 1 24 17.896 0 0 0 0 0 0 2 
1001 1 1 25 18.896 0 0 0 0 0 0 2 
1001 1 1 29 17.896 0 0 0 0 0 0 2 
1001 1 1 30 17.896 0 0 0 0 0 0 2 
1001 1 1 33 24.0835 0 0 0 0 0 0 2 
1001 1 1 34 24.0835 0 0 0 0 0 0 2 
1001 1 1 34 25.0835 0 0 0 0 0 0 2 
1001 1 1 35 25.0835 0 0 0 0 0 0 2 
1001 1 1 42 21.0835 0 0 0 0 0 0 2 
1001 1 1 43 21.0835 0 0 0 0 0 0 2 
1001 1 1 41 21.0835 0 0 0 0 0 0 2 
1001 1 1 43 25.0835 0 0 0 0 0 0 2 
1001 1 1 54 25.0835 0 0 0 0 0 0 2 
1001 1 1 43 35.0835 0 0 0 0 0 0 2 
1001 1 1 54 38.0835 0 0 0 0 0 0 2 
1001 1 1 54 34.0835 0 0 0 0 0 0 2 
1001 1 1 43 29.0835 0 0 0 0 0 0 2 
1001 1 1 54 30.0835 0 0 0 0 0 0 2 
1001 1 1 44 40.0835 0 0 0 0 0 0 2 
1001 1 1 53 40.0835 0 0 0 0 0 0 2 
1001 1 1 54 21.0835 0 0 0 0 0 0 2 
1001 1 1 55 21.0835 0 0 0 0 0 0 2 
1001 1 1 56 21.0835 0 0 0 0 0 0 2 
