0 32.9688 25.4834 0
1001 1 1 2 49 0 0 0 0 0 0 0 
1001 1 1 3 49 0 0 0 0 0 0 0 
1001 1 1 4 49 0 0 0 0 0 0 0 
1001 1 1 5 49 0 0 0 0 0 0 0 
1001 1 1 6 49 0 0 0 0 0 0 0 
1001 1 1 7 49 0 0 0 0 0 0 0 
1001 1 1 8 49 0 0 0 0 0 0 0 
1001 1 1 8 48 0 0 0 0 0 0 0 
1001 1 1 9 48 0 0 0 0 0 0 0 
1001 1 1 10 48 0 0 0 0 0 0 0 
1001 1 1 11 48 0 0 0 0 0 0 0 
1001 1 1 12 48 0 0 0 0 0 0 0 
1001 1 1 13 48 0 0 0 0 0 0 0 
1001 1 1 14 48 0 0 0 0 0 0 0 
1001 1 1 15 48 0 0 0 0 0 0 0 
1001 1 1 16 48 0 0 0 0 0 0 0 
1001 1 1 17 48 0 0 0 0 0 0 0 
1001 1 1 18 48 0 0 0 0 0 0 0 
1001 1 1 18 49 0 0 0 0 0 0 0 
1001 1 1 19 49 0 0 0 0 0 0 0 
1001 1 1 20 49 0 0 0 0 0 0 0 
1001 1 1 21 49 0 0 0 0 0 0 0 
1001 1 1 21 48 0 0 0 0 0 0 0 
1001 1 1 22 48 0 0 0 0 0 0 0 
1001 1 1 22 47 0 0 0 0 0 0 0 
1001 1 1 23 47 0 0 0 0 0 0 0 
1001 1 1 23 46 0 0 0 0 0 0 0 
1001 1 1 24 46 0 0 0 0 0 0 0 
1001 1 1 24 45 0 0 0 0 0 0 0 
1001 1 1 25 45 0 0 0 0 0 0 0 
1001 1 1 25 44 0 0 0 0 0 0 0 
1001 1 1 26 44 0 0 0 0 0 0 0 
1001 1 1 26 43 0 0 0 0 0 0 0 
1001 1 1 26 42 0 0 0 0 0 0 0 
1001 1 1 27 42 0 0 0 0 0 0 0 
1001 1 1 28 42 0 0 0 0 0 0 0 
1001 1 1 29 42 0 0 0 0 0 0 0 
1001 1 1 30 42 0 0 0 0 0 0 0 
1001 1 1 30 43 0 0 0 0 0 0 0 
1001 1 1 31 43 0 0 0 0 0 0 0 
1001 1 1 32 43 0 0 0 0 0 0 0 
1001 1 1 33 43 0 0 0 0 0 0 0 
1001 1 1 33 44 0 0 0 0 0 0 0 
1001 1 1 34 44 0 0 0 0 0 0 0 
1001 1 1 35 44 0 0 0 0 0 0 0 
1001 1 1 35 45 0 0 0 0 0 0 0 
1001 1 1 36 45 0 0 0 0 0 0 0 
1001 1 1 37 45 0 0 0 0 0 0 0 
1001 1 1 37 46 0 0 0 0 0 0 0 
1001 1 1 38 46 0 0 0 0 0 0 0 
1001 1 1 39 46 0 0 0 0 0 0 0 
1001 1 1 39 47 0 0 0 0 0 0 0 
1001 1 1 40 47 0 0 0 0 0 0 0 
1001 1 1 41 47 0 0 0 0 0 0 0 
1001 1 1 42 47 0 0 0 0 0 0 0 
1001 1 1 43 47 0 0 0 0 0 0 0 
1001 1 1 43 46 0 0 0 0 0 0 0 
1001 1 1 44 46 0 0 0 0 0 0 0 
1001 1 1 44 45 0 0 0 0 0 0 0 
1001 1 1 45 44 0 0 0 0 0 0 0 
1001 1 1 45 43 0 0 0 0 0 0 0 
1001 1 1 45 42 0 0 0 0 0 0 0 
1001 1 1 46 42 0 0 0 0 0 0 0 
1001 1 1 46 41 0 0 0 0 0 0 0 
1001 1 1 47 41 0 0 0 0 0 0 0 
1001 1 1 47 40 0 0 0 0 0 0 0 
1001 1 1 48 40 0 0 0 0 0 0 0 
1001 1 1 48 39 0 0 0 0 0 0 0 
1001 1 1 49 39 0 0 0 0 0 0 0 
1001 1 1 50 39 0 0 0 0 0 0 0 
1001 1 1 51 39 0 0 0 0 0 0 0 
1001 1 1 52 39 0 0 0 0 0 0 0 
1001 1 1 53 39 0 0 0 0 0 0 0 
1001 1 1 54 39 0 0 0 0 0 0 0 
1001 1 1 54 40 0 0 0 0 0 0 0 
1001 1 1 55 40 0 0 0 0 0 0 0 
1001 1 1 56 40 0 0 0 0 0 0 0 
1001 1 1 56 41 0 0 0 0 0 0 0 
1001 1 1 57 41 0 0 0 0 0 0 0 
1001 1 1 57 42 0 0 0 0 0 0 0 
1001 1 1 58 42 0 0 0 0 0 0 0 
1001 1 1 58 43 0 0 0 0 0 0 0 
1001 1 1 59 43 0 0 0 0 0 0 0 
1001 1 1 59 44 0 0 0 0 0 0 0 
1001 1 1 60 44 0 0 0 0 0 0 0 
1001 1 1 60 45 0 0 0 0 0 0 0 
1001 1 1 61 45 0 0 0 0 0 0 0 
1001 1 1 61 46 0 0 0 0 0 0 0 
1001 1 1 62 46 0 0 0 0 0 0 0 
1001 1 1 63 46 0 0 0 0 0 0 0 
1001 1 1 64 46 0 0 0 0 0 0 0 
1001 1 1 65 46 0 0 0 0 0 0 0 
1001 1 1 65 45 0 0 0 0 0 0 0 
1001 1 1 66 45 0 0 0 0 0 0 0 
1001 1 1 66 44 0 0 0 0 0 0 0 
1001 1 1 67 44 0 0 0 0 0 0 0 
1001 1 1 68 43 0 0 0 0 0 0 0 
1001 1 1 68 42 0 0 0 0 0 0 0 
1001 1 1 68 41 0 0 0 0 0 0 0 
1001 1 1 69 41 0 0 0 0 0 0 0 
1001 1 1 69 40 0 0 0 0 0 0 0 
1001 1 1 69 39 0 0 0 0 0 0 0 
1001 1 1 69 38 0 0 0 0 0 0 0 
1001 1 1 69 37 0 0 0 0 0 0 0 
1001 1 1 69 36 0 0 0 0 0 0 0 
1001 1 1 62 28 0 0 0 0 0 0 0 
1001 1 1 61 28 0 0 0 0 0 0 0 
1001 1 1 60 28 0 0 0 0 0 0 0 
1001 1 1 59 28 0 0 0 0 0 0 0 
1001 1 1 58 28 0 0 0 0 0 0 0 
1001 1 1 57 28 0 0 0 0 0 0 0 
1001 1 1 56 28 0 0 0 0 0 0 0 
1001 1 1 55 28 0 0 0 0 0 0 0 
1001 1 1 54 28 0 0 0 0 0 0 0 
1001 1 1 53 28 0 0 0 0 0 0 0 
1001 1 1 52 28 0 0 0 0 0 0 0 
1001 1 1 52 29 0 0 0 0 0 0 0 
1001 1 1 51 29 0 0 0 0 0 0 0 
1001 1 1 51 30 0 0 0 0 0 0 0 
1001 1 1 50 30 0 0 0 0 0 0 0 
1001 1 1 50 31 0 0 0 0 0 0 0 
1001 1 1 49 31 0 0 0 0 0 0 0 
1001 1 1 49 32 0 0 0 0 0 0 0 
1001 1 1 49 33 0 0 0 0 0 0 0 
1001 1 1 48 33 0 0 0 0 0 0 0 
1001 1 1 48 32 0 0 0 0 0 0 0 
1001 1 1 47 32 0 0 0 0 0 0 0 
1001 1 1 46 32 0 0 0 0 0 0 0 
1001 1 1 46 31 0 0 0 0 0 0 0 
1001 1 1 45 31 0 0 0 0 0 0 0 
1001 1 1 44 31 0 0 0 0 0 0 0 
1001 1 1 44 30 0 0 0 0 0 0 0 
1001 1 1 43 30 0 0 0 0 0 0 0 
1001 1 1 42 30 0 0 0 0 0 0 0 
1001 1 1 41 30 0 0 0 0 0 0 0 
1001 1 1 40 30 0 0 0 0 0 0 0 
1001 1 1 39 30 0 0 0 0 0 0 0 
1001 1 1 39 31 0 0 0 0 0 0 0 
1001 1 1 38 31 0 0 0 0 0 0 0 
1001 1 1 38 32 0 0 0 0 0 0 0 
1001 1 1 38 33 0 0 0 0 0 0 0 
1001 1 1 37 33 0 0 0 0 0 0 0 
1001 1 1 37 34 0 0 0 0 0 0 0 
1001 1 1 37 35 0 0 0 0 0 0 0 
1001 1 1 36 35 0 0 0 0 0 0 0 
1001 1 1 36 36 0 0 0 0 0 0 0 
1001 1 1 35 35 0 0 0 0 0 0 0 
1001 1 1 35 34 0 0 0 0 0 0 0 
1001 1 1 35 33 0 0 0 0 0 0 0 
1001 1 1 34 31 0 0 0 0 0 0 0 
1001 1 1 33 31 0 0 0 0 0 0 0 
1001 1 1 33 30 0 0 0 0 0 0 0 
1001 1 1 32 30 0 0 0 0 0 0 0 
1001 1 1 32 29 0 0 0 0 0 0 0 
1001 1 1 31 29 0 0 0 0 0 0 0 
1001 1 1 30 29 0 0 0 0 0 0 0 
1001 1 1 29 29 0 0 0 0 0 0 0 
1001 1 1 29 28 0 0 0 0 0 0 0 
1001 1 1 28 28 0 0 0 0 0 0 0 
1001 1 1 27 28 0 0 0 0 0 0 0 
1001 1 1 26 28 0 0 0 0 0 0 0 
1001 1 1 25 28 0 0 0 0 0 0 0 
1001 1 1 25 29 0 0 0 0 0 0 0 
1001 1 1 24 29 0 0 0 0 0 0 0 
1001 1 1 23 29 0 0 0 0 0 0 0 
1001 1 1 23 30 0 0 0 0 0 0 0 
1001 1 1 22 30 0 0 0 0 0 0 0 
1001 1 1 21 31 0 0 0 0 0 0 0 
1001 1 1 21 32 0 0 0 0 0 0 0 
1001 1 1 20 32 0 0 0 0 0 0 0 
1001 1 1 20 33 0 0 0 0 0 0 0 
1001 1 1 19 33 0 0 0 0 0 0 0 
1001 1 1 18 33 0 0 0 0 0 0 0 
1001 1 1 18 34 0 0 0 0 0 0 0 
1001 1 1 17 34 0 0 0 0 0 0 0 
1001 1 1 16 34 0 0 0 0 0 0 0 
1001 1 1 16 33 0 0 0 0 0 0 0 
1001 1 1 15 33 0 0 0 0 0 0 0 
1001 1 1 14 33 0 0 0 0 0 0 0 
1001 1 1 14 32 0 0 0 0 0 0 0 
1001 1 1 13 32 0 0 0 0 0 0 0 
1001 1 1 12 32 0 0 0 0 0 0 0 
1001 1 1 11 32 0 0 0 0 0 0 0 
1001 1 1 10 32 0 0 0 0 0 0 0 
1001 1 1 9 32 0 0 0 0 0 0 0 
1001 1 1 8 32 0 0 0 0 0 0 0 
1001 1 1 8 33 0 0 0 0 0 0 0 
1001 1 1 39 29 0 0 0 0 0 0 0 
1001 1 1 39 28 0 0 0 0 0 0 0 
1001 1 1 39 27 0 0 0 0 0 0 0 
1001 1 1 39 26 0 0 0 0 0 0 0 
1001 1 1 39 25 0 0 0 0 0 0 0 
1001 1 1 39 24 0 0 0 0 0 0 0 
1001 1 1 40 24 0 0 0 0 0 0 0 
1001 1 1 40 23 0 0 0 0 0 0 0 
1001 1 1 40 22 0 0 0 0 0 0 0 
1001 1 1 41 22 0 0 0 0 0 0 0 
1001 1 1 42 21 0 0 0 0 0 0 0 
1001 1 1 43 21 0 0 0 0 0 0 0 
1001 1 1 43 20 0 0 0 0 0 0 0 
1001 1 1 44 20 0 0 0 0 0 0 0 
1001 1 1 44 19 0 0 0 0 0 0 0 
1001 1 1 45 19 0 0 0 0 0 0 0 
1001 1 1 46 19 0 0 0 0 0 0 0 
1001 1 1 47 19 0 0 0 0 0 0 0 
1001 1 1 48 19 0 0 0 0 0 0 0 
1001 1 1 49 19 0 0 0 0 0 0 0 
1001 1 1 50 19 0 0 0 0 0 0 0 
1001 1 1 50 20 0 0 0 0 0 0 0 
1001 1 1 51 20 0 0 0 0 0 0 0 
1001 1 1 52 20 0 0 0 0 0 0 0 
1001 1 1 52 21 0 0 0 0 0 0 0 
1001 1 1 25 22 0 0 0 0 0 0 0 
1001 1 1 25 21 0 0 0 0 0 0 0 
1001 1 1 26 21 0 0 0 0 0 0 0 
1001 1 1 26 20 0 0 0 0 0 0 0 
1001 1 1 26 19 0 0 0 0 0 0 0 
1001 1 1 27 19 0 0 0 0 0 0 0 
1001 1 1 27 18 0 0 0 0 0 0 0 
1001 1 1 27 17 0 0 0 0 0 0 0 
1001 1 1 28 17 0 0 0 0 0 0 0 
1001 1 1 28 16 0 0 0 0 0 0 0 
1001 1 1 29 16 0 0 0 0 0 0 0 
1001 1 1 29 15 0 0 0 0 0 0 0 
1001 1 1 30 15 0 0 0 0 0 0 0 
1001 1 1 30 14 0 0 0 0 0 0 0 
1001 1 1 31 14 0 0 0 0 0 0 0 
1001 1 1 32 14 0 0 0 0 0 0 0 
1001 1 1 33 14 0 0 0 0 0 0 0 
1001 1 1 33 15 0 0 0 0 0 0 0 
1001 1 1 34 15 0 0 0 0 0 0 0 
1001 1 1 34.5312 15 0 0 0 0 0 0 0 
1001 1 1 35.5312 15 0 0 0 0 0 0 0 
1001 1 1 35.5312 14 0 0 0 0 0 0 0 
1001 1 1 35.5312 13 0 0 0 0 0 0 0 
1001 1 1 36.5312 13 0 0 0 0 0 0 0 
1001 1 1 36.5312 10 0 0 0 0 0 0 0 
1001 1 1 36.5312 9 0 0 0 0 0 0 0 
1001 1 1 36.5312 8 0 0 0 0 0 0 0 
1001 1 1 36.5312 7 0 0 0 0 0 0 0 
1001 1 1 36.5312 6 0 0 0 0 0 0 0 
1001 1 1 35.5312 6 0 0 0 0 0 0 0 
1001 1 1 35.5312 5 0 0 0 0 0 0 0 
1001 1 1 34.5312 5 0 0 0 0 0 0 0 
1001 1 1 33.5312 5 0 0 0 0 0 0 0 
1001 1 1 32.5312 5 0 0 0 0 0 0 0 
1001 1 1 32.5312 4 0 0 0 0 0 0 0 
1001 1 1 8.53125 30.541 0 0 0 0 0 0 0 
1001 1 1 7.53125 29.541 0 0 0 0 0 0 0 
1001 1 1 7.53125 28.541 0 0 0 0 0 0 0 
1001 1 1 7.53125 27.541 0 0 0 0 0 0 0 
1001 1 1 6.53125 27.541 0 0 0 0 0 0 0 
1001 1 1 6.53125 26.541 0 0 0 0 0 0 0 
1001 1 1 6.53125 25.541 0 0 0 0 0 0 0 
1001 1 1 6.53125 24.541 0 0 0 0 0 0 0 
1001 1 1 6.53125 23.541 0 0 0 0 0 0 0 
1001 1 1 6.53125 22.541 0 0 0 0 0 0 0 
1001 1 1 7.53125 22.541 0 0 0 0 0 0 0 
1001 1 1 7.53125 21.541 0 0 0 0 0 0 0 
1001 1 1 7.53125 20.541 0 0 0 0 0 0 0 
1001 1 1 8.53125 20.541 0 0 0 0 0 0 0 
1001 1 1 8.53125 19.541 0 0 0 0 0 0 0 
1001 1 1 9.53125 19.541 0 0 0 0 0 0 0 
1001 1 1 9.53125 18.541 0 0 0 0 0 0 0 
1001 1 1 10.5312 18.541 0 0 0 0 0 0 0 
1001 1 1 10.5312 17.541 0 0 0 0 0 0 0 
1001 1 1 11.5312 17.541 0 0 0 0 0 0 0 
1001 1 1 11.5312 16.541 0 0 0 0 0 0 0 
1001 1 1 12.5312 16.541 0 0 0 0 0 0 0 
1001 1 1 12.5312 15.541 0 0 0 0 0 0 0 
1001 1 1 13.5312 15.541 0 0 0 0 0 0 0 
1001 1 1 13.5312 14.541 0 0 0 0 0 0 0 
1001 1 1 14.5312 14.541 0 0 0 0 0 0 0 
1001 1 1 14.5312 13.541 0 0 0 0 0 0 0 
1001 1 1 14.5312 12.541 0 0 0 0 0 0 0 
1001 1 1 14.5312 11.541 0 0 0 0 0 0 0 
1001 1 1 14.5312 10.541 0 0 0 0 0 0 0 
1001 1 1 13.5312 10.541 0 0 0 0 0 0 0 
1001 1 1 13.5312 9.54102 0 0 0 0 0 0 0 
1001 1 1 12.5312 9.54102 0 0 0 0 0 0 0 
1001 1 1 23.5312 21.541 0 0 0 0 0 0 0 
1001 1 1 22.5312 21.541 0 0 0 0 0 0 0 
1001 1 1 21.5312 21.541 0 0 0 0 0 0 0 
1001 1 1 20.5312 21.541 0 0 0 0 0 0 0 
1001 1 1 19.5312 21.541 0 0 0 0 0 0 0 
1001 1 1 18.5312 21.541 0 0 0 0 0 0 0 
1001 1 1 18.5312 22.541 0 0 0 0 0 0 0 
1001 1 1 17.5312 22.541 0 0 0 0 0 0 0 
1001 1 1 17.5312 23.541 0 0 0 0 0 0 0 
1001 1 1 16.5312 23.541 0 0 0 0 0 0 0 
1001 1 1 15.5312 23.541 0 0 0 0 0 0 0 
1001 1 1 15.5312 24.541 0 0 0 0 0 0 0 
1001 1 1 14.5312 24.541 0 0 0 0 0 0 0 
1001 1 1 13.5312 24.541 0 0 0 0 0 0 0 
1001 1 1 34.5312 31.541 0 0 0 0 0 0 0 
1001 1 1 7.53125 30.541 0 0 0 0 0 0 0 
1001 1 1 33.5312 3.54102 0 0 0 0 0 0 0 
1001 1 1 34.5312 3.54102 0 0 0 0 0 0 0 
1001 1 1 35.5312 3.54102 0 0 0 0 0 0 0 
1001 1 1 36.5312 3.54102 0 0 0 0 0 0 0 
1001 1 1 37.5312 3.54102 0 0 0 0 0 0 0 
1001 1 1 38.5312 3.54102 0 0 0 0 0 0 0 
1001 1 1 39.5312 3.54102 0 0 0 0 0 0 0 
1001 1 1 40.5312 3.54102 0 0 0 0 0 0 0 
1001 1 1 41.5312 3.54102 0 0 0 0 0 0 0 
1001 1 1 42.5312 3.54102 0 0 0 0 0 0 0 
1001 1 1 43.5312 3.54102 0 0 0 0 0 0 0 
1001 1 1 44.5312 3.54102 0 0 0 0 0 0 0 
1001 1 1 45.5312 3.54102 0 0 0 0 0 0 0 
1001 1 1 46.5312 3.54102 0 0 0 0 0 0 0 
1001 1 1 47.5312 3.54102 0 0 0 0 0 0 0 
1001 1 1 48.5312 3.54102 0 0 0 0 0 0 0 
1001 1 1 48.5312 4.54102 0 0 0 0 0 0 0 
1001 1 1 49.5312 4.54102 0 0 0 0 0 0 0 
1001 1 1 50.5312 4.54102 0 0 0 0 0 0 0 
1001 1 1 50.5312 5.54102 0 0 0 0 0 0 0 
1001 1 1 51.5312 5.54102 0 0 0 0 0 0 0 
1001 1 1 51.5312 6.54102 0 0 0 0 0 0 0 
1001 1 1 51.5312 7.54102 0 0 0 0 0 0 0 
1001 1 1 52.5312 7.54102 0 0 0 0 0 0 0 
1001 1 1 52.5312 8.54102 0 0 0 0 0 0 0 
1001 1 1 52.5312 9.54102 0 0 0 0 0 0 0 
1001 1 1 53.5312 9.54102 0 0 0 0 0 0 0 
1001 1 1 53.5312 10.541 0 0 0 0 0 0 0 
1001 1 1 54.5312 10.541 0 0 0 0 0 0 0 
1001 1 1 54.5312 11.541 0 0 0 0 0 0 0 
1001 1 1 54.5312 12.541 0 0 0 0 0 0 0 
1001 1 1 55.5312 12.541 0 0 0 0 0 0 0 
1001 1 1 56.5312 13.541 0 0 0 0 0 0 0 
1001 1 1 57.5312 13.541 0 0 0 0 0 0 0 
1001 1 1 57.5312 14.541 0 0 0 0 0 0 0 
1001 1 1 58.5312 14.541 0 0 0 0 0 0 0 
1001 1 1 59.5312 14.541 0 0 0 0 0 0 0 
1001 1 1 60.5312 14.541 0 0 0 0 0 0 0 
1001 1 1 62.002 14.1904 0 0 0 0 0 0 0 
1001 1 1 63.002 14.1904 0 0 0 0 0 0 0 
1001 1 1 64.002 14.1904 0 0 0 0 0 0 0 
1001 1 1 64.002 15.1904 0 0 0 0 0 0 0 
1001 1 1 65.002 15.1904 0 0 0 0 0 0 0 
1001 1 1 66.002 15.1904 0 0 0 0 0 0 0 
1001 1 1 66.002 16.1904 0 0 0 0 0 0 0 
1001 1 1 67.002 16.1904 0 0 0 0 0 0 0 
1001 1 1 67.002 17.1904 0 0 0 0 0 0 0 
1001 1 1 67.002 18.1904 0 0 0 0 0 0 0 
1001 1 1 68.002 18.1904 0 0 0 0 0 0 0 
1001 1 1 68.002 19.1904 0 0 0 0 0 0 0 
1001 1 1 68.002 20.1904 0 0 0 0 0 0 0 
1001 1 1 69.002 20.1904 0 0 0 0 0 0 0 
1001 1 1 69.002 21.1904 0 0 0 0 0 0 0 
1001 1 1 69.002 22.1904 0 0 0 0 0 0 0 
1001 1 1 69.002 23.1904 0 0 0 0 0 0 0 
1001 1 1 70.002 23.1904 0 0 0 0 0 0 0 
1001 1 1 70.002 24.1904 0 0 0 0 0 0 0 
1001 1 1 70.002 25.1904 0 0 0 0 0 0 0 
1001 1 1 70.002 26.1904 0 0 0 0 0 0 0 
1001 1 1 70.002 27.1904 0 0 0 0 0 0 0 
1001 1 1 68.002 44.1904 0 0 0 0 0 0 0 
1001 1 1 69.002 44.1904 0 0 0 0 0 0 0 
1001 1 1 70.002 44.1904 0 0 0 0 0 0 0 
1001 1 1 71.002 44.1904 0 0 0 0 0 0 0 
1001 1 1 72.002 44.1904 0 0 0 0 0 0 0 
1001 1 1 73.002 44.1904 0 0 0 0 0 0 0 
1001 1 1 74.002 44.1904 0 0 0 0 0 0 0 
1001 1 1 75.002 44.1904 0 0 0 0 0 0 0 
1001 1 1 76.002 44.1904 0 0 0 0 0 0 0 
1001 1 1 77.002 44.1904 0 0 0 0 0 0 0 
1001 1 1 78.002 44.1904 0 0 0 0 0 0 0 
1001 1 1 78.002 43.1904 0 0 0 0 0 0 0 
1001 1 1 79.002 43.1904 0 0 0 0 0 0 0 
1001 1 1 80.002 43.1904 0 0 0 0 0 0 0 
1001 1 1 80.002 42.1904 0 0 0 0 0 0 0 
1001 1 1 81.002 42.1904 0 0 0 0 0 0 0 
1001 1 1 81.002 41.1904 0 0 0 0 0 0 0 
1001 1 1 81.002 40.1904 0 0 0 0 0 0 0 
1001 1 1 82.002 40.1904 0 0 0 0 0 0 0 
1001 1 1 82.002 39.1904 0 0 0 0 0 0 0 
1001 1 1 82.002 38.1904 0 0 0 0 0 0 0 
1001 1 1 83.002 38.1904 0 0 0 0 0 0 0 
1001 1 1 83.002 37.1904 0 0 0 0 0 0 0 
1001 1 1 83.002 36.1904 0 0 0 0 0 0 0 
1001 1 1 83.002 35.1904 0 0 0 0 0 0 0 
1001 1 1 83.002 34.1904 0 0 0 0 0 0 0 
1001 1 1 83.002 33.1904 0 0 0 0 0 0 0 
1001 1 1 83.002 32.1904 0 0 0 0 0 0 0 
1001 1 1 84.002 31.1904 0 0 0 0 0 0 0 
1001 1 1 84.002 30.1904 0 0 0 0 0 0 0 
1001 1 1 84.002 29.1904 0 0 0 0 0 0 0 
1001 1 1 84.002 28.1904 0 0 0 0 0 0 0 
1001 1 1 84.002 27.1904 0 0 0 0 0 0 0 
1001 1 1 83.002 27.1904 0 0 0 0 0 0 0 
1001 1 1 83.002 26.1904 0 0 0 0 0 0 0 
1001 1 1 83.002 25.1904 0 0 0 0 0 0 0 
1001 1 1 32.543 6.19043 0 0 0 0 0 0 0 
1001 1 1 32.543 7.19043 0 0 0 0 0 0 0 
1001 1 1 31.543 7.19043 0 0 0 0 0 0 0 
1001 1 1 31.543 8.19043 0 0 0 0 0 0 0 
1001 1 1 30.543 8.19043 0 0 0 0 0 0 0 
1001 1 1 29.543 8.19043 0 0 0 0 0 0 0 
1001 1 1 28.543 8.19043 0 0 0 0 0 0 0 
1001 1 1 28.543 9.19043 0 0 0 0 0 0 0 
1001 1 1 28.543 10.1904 0 0 0 0 0 0 0 
1001 1 1 26.543 16.1904 0 0 0 0 0 0 0 
1001 1 1 25.543 16.1904 0 0 0 0 0 0 0 
1001 1 1 25.543 15.1904 0 0 0 0 0 0 0 
1001 1 1 25.543 14.1904 0 0 0 0 0 0 0 
1001 1 1 24.543 14.1904 0 0 0 0 0 0 0 
1001 1 1 23.543 14.1904 0 0 0 0 0 0 0 
1001 1 1 22.543 14.1904 0 0 0 0 0 0 0 
1001 1 1 22.543 15.1904 0 0 0 0 0 0 0 
1001 1 1 21.543 15.1904 0 0 0 0 0 0 0 
1001 1 1 21.543 16.1904 0 0 0 0 0 0 0 
1007 71.4727 42.1904 0 0 0 0 0 0 16 0
1001 1 1 68.4727 36.1904 0 0 0 0 0 0 0 
1001 1 1 67.4727 36.1904 0 0 0 0 0 0 0 
1001 1 1 67.4727 37.1904 0 0 0 0 0 0 0 
1001 1 1 66.4727 37.1904 0 0 0 0 0 0 0 
1001 1 1 66.4727 38.1904 0 0 0 0 0 0 0 
1001 1 1 65.4727 38.1904 0 0 0 0 0 0 0 
1001 1 1 36.2491 10.6494 0 0 0 0 0 0 0 
1001 1 1 36.2491 11.6494 0 0 0 0 0 0 0 
1001 1 1 37.0352 2.05954 0 0 0 0 0 0 0 
1001 1 1 37.0352 1.05954 0 0 0 0 0 0 0 
1001 1 1 37.0352 0.0595398 0 0 0 0 0 0 0 
1001 1 1 37.0352 -0.94046 0 0 0 0 0 0 0 
1001 1 1 38.0352 -0.94046 0 0 0 0 0 0 0 
1001 1 1 39.0352 -0.94046 0 0 0 0 0 0 0 
1001 1 1 39.0352 -1.94046 0 0 0 0 0 0 0 
1001 1 1 40.0352 -1.94046 0 0 0 0 0 0 0 
1001 1 1 40.0352 -2.94046 0 0 0 0 0 0 0 
1001 1 1 41.0352 -2.94046 0 0 0 0 0 0 0 
1001 1 1 42.0352 -2.94046 0 0 0 0 0 0 0 
1001 1 1 42.0352 -3.94046 0 0 0 0 0 0 0 
1001 1 1 43.0352 -3.94046 0 0 0 0 0 0 0 
1001 1 1 43.0352 -4.94046 0 0 0 0 0 0 0 
1001 1 1 44.0352 -4.94046 0 0 0 0 0 0 0 
1001 1 1 44.0352 -5.94046 0 0 0 0 0 0 0 
1001 1 1 44.0352 -6.94046 0 0 0 0 0 0 0 
1001 1 1 45.0352 -6.94046 0 0 0 0 0 0 0 
1001 1 1 45.0352 -7.94046 0 0 0 0 0 0 0 
1001 1 1 46.0352 -7.94046 0 0 0 0 0 0 0 
1001 1 1 46.0352 -8.94046 0 0 0 0 0 0 0 
1001 1 1 47.0352 -8.94046 0 0 0 0 0 0 0 
1001 1 1 47.0352 -9.94046 0 0 0 0 0 0 0 
1001 1 1 48.0352 -9.94046 0 0 0 0 0 0 0 
1001 1 1 49.0352 -9.94046 0 0 0 0 0 0 0 
1001 1 1 50.0352 -9.94046 0 0 0 0 0 0 0 
1001 1 1 50.0352 -10.9405 0 0 0 0 0 0 0 
1001 1 1 51.0352 -10.9405 0 0 0 0 0 0 0 
1001 1 1 52.0352 -10.9405 0 0 0 0 0 0 0 
1001 1 1 53.0352 -10.9405 0 0 0 0 0 0 0 
1001 1 1 53.0352 -9.94046 0 0 0 0 0 0 0 
1001 1 1 54.0352 -9.94046 0 0 0 0 0 0 0 
1001 1 1 54.0352 -8.94046 0 0 0 0 0 0 0 
1001 1 1 68.0645 0.230438 0 0 0 0 0 0 0 
1001 1 1 68.0645 -0.769562 0 0 0 0 0 0 0 
1001 1 1 69.0645 -0.769562 0 0 0 0 0 0 0 
1001 1 1 70.0645 -0.769562 0 0 0 0 0 0 0 
1001 1 1 70.0645 -1.76956 0 0 0 0 0 0 0 
1001 1 1 71.0645 -1.76956 0 0 0 0 0 0 0 
1001 1 1 72.0645 -1.76956 0 0 0 0 0 0 0 
1001 1 1 72.0645 -2.76956 0 0 0 0 0 0 0 
1001 1 1 73.0645 -2.76956 0 0 0 0 0 0 0 
1001 1 1 74.0645 -2.76956 0 0 0 0 0 0 0 
1001 1 1 75.0645 -2.76956 0 0 0 0 0 0 0 
1001 1 1 76.0645 -2.76956 0 0 0 0 0 0 0 
1001 1 1 77.0645 -2.76956 0 0 0 0 0 0 0 
1001 1 1 77.0645 -3.76956 0 0 0 0 0 0 0 
1001 1 1 78.0645 -3.76956 0 0 0 0 0 0 0 
1001 1 1 79.0645 -3.76956 0 0 0 0 0 0 0 
1001 1 1 80.0645 -3.76956 0 0 0 0 0 0 0 
1001 1 1 81.0645 -3.76956 0 0 0 0 0 0 0 
1001 1 1 82.0645 -3.76956 0 0 0 0 0 0 0 
1001 1 1 83.0645 -3.76956 0 0 0 0 0 0 0 
1001 1 1 84.0645 -3.76956 0 0 0 0 0 0 0 
1001 1 1 84.0645 -2.76956 0 0 0 0 0 0 0 
1001 1 1 85.0645 -2.76956 0 0 0 0 0 0 0 
1001 1 1 86.2374 -2.668 0 0 0 0 0 0 0 
1001 1 1 87.2374 -2.668 0 0 0 0 0 0 0 
1001 1 1 88.2374 -2.668 0 0 0 0 0 0 0 
1001 1 1 88.2374 -1.668 0 0 0 0 0 0 0 
1001 1 1 89.2374 -1.668 0 0 0 0 0 0 0 
1001 1 1 89.2374 -0.667999 0 0 0 0 0 0 0 
1001 1 1 90.2374 -0.667999 0 0 0 0 0 0 0 
1001 1 1 90.2374 0.332001 0 0 0 0 0 0 0 
1001 1 1 90.2374 1.332 0 0 0 0 0 0 0 
1001 1 1 90.2374 2.332 0 0 0 0 0 0 0 
1001 1 1 91.2374 2.332 0 0 0 0 0 0 0 
1001 1 1 91.2374 3.332 0 0 0 0 0 0 0 
1001 1 1 91.2374 4.332 0 0 0 0 0 0 0 
1001 1 1 91.2374 5.332 0 0 0 0 0 0 0 
1001 1 1 91.2374 6.332 0 0 0 0 0 0 0 
1001 1 1 92.2374 6.332 0 0 0 0 0 0 0 
1001 1 1 92.2374 7.332 0 0 0 0 0 0 0 
1001 1 1 92.2374 8.332 0 0 0 0 0 0 0 
1001 1 1 92.2374 9.332 0 0 0 0 0 0 0 
1001 1 1 92.2374 10.332 0 0 0 0 0 0 0 
1001 1 1 92.2374 11.332 0 0 0 0 0 0 0 
1001 1 1 92.2374 12.332 0 0 0 0 0 0 0 
1001 1 1 92.2374 13.332 0 0 0 0 0 0 0 
1001 1 1 91.2374 13.332 0 0 0 0 0 0 0 
1001 1 1 91.2374 14.332 0 0 0 0 0 0 0 
1001 1 1 90.2374 14.332 0 0 0 0 0 0 0 
1001 1 1 84.2374 25.4414 0 0 0 0 0 0 0 
1001 1 1 85.2374 25.4414 0 0 0 0 0 0 0 
1001 1 1 86.2374 25.4414 0 0 0 0 0 0 0 
1001 1 1 87.2374 25.4414 0 0 0 0 0 0 0 
1001 1 1 88.2374 25.4414 0 0 0 0 0 0 0 
1001 1 1 89.2374 25.4414 0 0 0 0 0 0 0 
1001 1 1 90.2374 25.4414 0 0 0 0 0 0 0 
1001 1 1 91.2374 25.4414 0 0 0 0 0 0 0 
1001 1 1 91.2374 26.4414 0 0 0 0 0 0 0 
1001 1 1 92.2374 26.4414 0 0 0 0 0 0 0 
1001 1 1 93.2374 26.4414 0 0 0 0 0 0 0 
1001 1 1 94.2374 26.4414 0 0 0 0 0 0 0 
1001 1 1 95.2374 26.4414 0 0 0 0 0 0 0 
1001 1 1 95.2374 25.4414 0 0 0 0 0 0 0 
1001 1 1 96.2374 25.4414 0 0 0 0 0 0 0 
1001 1 1 96.2374 24.4414 0 0 0 0 0 0 0 
1001 1 1 97.2374 24.4414 0 0 0 0 0 0 0 
1001 1 1 97.2374 23.4414 0 0 0 0 0 0 0 
1001 1 1 61.1895 14.4121 0 0 0 0 0 0 0 
1001 1 1 36.1895 12.4121 0 0 0 0 0 0 0 
1001 1 1 24.1895 21.4121 0 0 0 0 0 0 0 
1001 1 1 32.8321 3.24604 0 0 0 0 0 0 0 
1001 1 1 35.8321 4.24604 0 0 0 0 0 0 0 
1001 1 1 69.462 27.3076 0 0 0 0 0 0 0 
1001 1 1 69.462 28.3076 0 0 0 0 0 0 0 
1001 1 1 70.462 28.3076 0 0 0 0 0 0 0 
1001 1 1 70.462 29.3076 0 0 0 0 0 0 0 
1001 1 1 70.462 30.3076 0 0 0 0 0 0 0 
1001 1 1 70.462 31.3076 0 0 0 0 0 0 0 
1001 1 1 70.462 32.3076 0 0 0 0 0 0 0 
1001 1 1 70.462 33.3076 0 0 0 0 0 0 0 
1001 1 1 70.462 34.3076 0 0 0 0 0 0 0 
1001 1 1 69.462 34.3076 0 0 0 0 0 0 0 
1001 1 1 69.462 35.3076 0 0 0 0 0 0 0 
1001 1 1 70.462 35.3076 0 0 0 0 0 0 0 
1001 1 1 70.462 36.3076 0 0 0 0 0 0 0 
1001 1 1 70.462 37.3076 0 0 0 0 0 0 0 
1001 1 1 70.462 38.3076 0 0 0 0 0 0 0 
1001 1 1 68.462 37.3076 0 0 0 0 0 0 0 
1001 1 1 71.462 33.3076 0 0 0 0 0 0 0 
1001 1 1 71.462 32.3076 0 0 0 0 0 0 0 
1001 1 1 71.462 31.3076 0 0 0 0 0 0 0 
1001 1 1 71.462 30.3076 0 0 0 0 0 0 0 
1001 1 1 71.462 34.3076 0 0 0 0 0 0 0 
1001 1 1 71.462 29.3076 0 0 0 0 0 0 0 
1001 1 1 71.462 28.3076 0 0 0 0 0 0 0 
1000 0x8005cbf8 2.8907 45.7217 0 0 0 0 0 0 1 0
1001 1 1 26.8907 37.7217 0 0 0 0 0 0 2 
1001 1 1 28.8907 38.7217 0 0 0 0 0 0 2 
1001 1 1 27.8907 36.7217 0 0 0 0 0 0 2 
1001 1 1 21.8907 30.7217 0 0 0 0 0 0 2 
1001 1 1 69.8907 29.7217 0 0 0 0 0 0 2 
1001 1 1 69.8907 30.7217 0 0 0 0 0 0 2 
1001 1 1 69.8907 31.7217 0 0 0 0 0 0 2 
1001 1 1 69.8907 32.7217 0 0 0 0 0 0 2 
1001 1 1 69.8907 33.7217 0 0 0 0 0 0 2 
1001 1 1 67.8907 20.7217 0 0 0 0 0 0 2 
1001 1 1 66.8907 18.7217 0 0 0 0 0 0 2 
1001 1 1 43.8907 20.7217 0 0 0 0 0 0 2 
1001 1 1 41.8907 21.7217 0 0 0 0 0 0 2 
1001 1 1 40.8907 22.7217 0 0 0 0 0 0 2 
1001 1 1 46.8907 30.7217 0 0 0 0 0 0 2 
1001 1 1 47.8907 30.7217 0 0 0 0 0 0 2 
1001 1 1 34.8907 30.7217 0 0 0 0 0 0 2 
1001 1 1 35.8907 30.7217 0 0 0 0 0 0 2 
1001 1 1 36.8907 30.7217 0 0 0 0 0 0 2 
1001 1 1 36.8907 31.7217 0 0 0 0 0 0 2 
1001 1 1 35.8907 31.7217 0 0 0 0 0 0 2 
1001 1 1 35.8907 32.7217 0 0 0 0 0 0 2 
1001 1 1 35.8907 33.7217 0 0 0 0 0 0 2 
1001 1 1 23.4454 15.1533 0 0 0 0 0 0 2 
1001 1 1 24.4454 15.1533 0 0 0 0 0 0 2 
1001 1 1 24.4454 16.1533 0 0 0 0 0 0 2 
1001 1 1 24.4454 17.1533 0 0 0 0 0 0 2 
1001 1 1 25.4454 17.1533 0 0 0 0 0 0 2 
1001 1 1 26.4454 17.1533 0 0 0 0 0 0 2 
1001 1 1 36.4454 2.15334 0 0 0 0 0 0 2 
1001 1 1 35.4454 2.15334 0 0 0 0 0 0 2 
1001 1 1 42.4454 -1.7451 0 0 0 0 0 0 2 
1001 1 1 41.4454 -1.7451 0 0 0 0 0 0 2 
1001 1 1 67.7481 15.8955 0 0 0 0 0 0 2 
1001 1 1 67.7481 16.8955 0 0 0 0 0 0 2 
1001 1 1 68.7481 18.8955 0 0 0 0 0 0 2 
1001 1 1 69.7481 21.8955 0 0 0 0 0 0 2 
1001 1 1 70.7481 26.8955 0 0 0 0 0 0 2 
1001 1 1 71.7481 26.8955 0 0 0 0 0 0 2 
1006 62.5431 41.6592 0 0 0 0 0 0 0 0x8005cbf8
1006 44.5431 11.6592 0 0 0 0 0 0 0 0x8005cbf8
1006 31.5431 21.6592 0 0 0 0 0 0 0 0x8005cbf8
1006 15.5431 3.88184 0 0 0 0 0 0 0 0x8005cbf8
1006 74.5431 3.88184 0 0 0 0 0 0 0 0x8005cbf8
1006 83.3829 5.63965 0 0 0 0 0 0 0 0x8005cbf8
1006 85.3829 12.6397 0 0 0 0 0 0 0 0x8005cbf8
