0 40 25 0x80041f98
1000 0x80041f98 39.5938 24.5 0 0 0 0 0 0 1 1
1001 10 5 10 42.5 0 0 0 0 0 0 0 
1001 6 3 7 34.5 0 0 0 0 0 0 0 
1001 12 3 23 29.5 0 0 0 0 0 0 0 
1001 6 3 40 27.5 0 0 0 0 0 0 0 
1001 6 3 60 22.5 0 0 0 0 0 0 0 
1001 4 30 -2 35 0 0 0 0 0 0 0 
1001 8 3 70 14.5 0 0 0 0 0 0 0 
1001 20 2 50 10 0 0 0 0 0 0 0 
1001 20 2 20 12 0 0 0 0 0 0 0 
1001 16 4 0 18 0 0 0 0 0 0 0 
1001 12 4 -8 40 0 0 0 0 0 0 0 
1001 12 4 -32 40 0 0 0 0 0 0 0 
1001 4 8 -36 46 0 0 0 0 0 0 0 
1001 3 3 50 20.5 0 0 0 0 0 0 2 
1002 26.5156 27.5 0 0 -15 0 0 0 2 6 23 27 1 1 
1004 75 48.5 0 0 0 0 0 0 0 1.03125 -1 0
1007 -6 48.5 0 0 0 0 0 0 16 2
1006 -20 40 0 0 0 0 0 0 0 0x80041f98
1006 -10 30 0 0 0 0 0 0 0 0x80041f98
1003 0.5 48.5 0 0 0 0 0 0 8 7.0625
1003 10.5625 48.5 0 0 -15 0 0 0 8 4.04688
1005 -4.5 25.4084 0 0 19.9958 -0.411964 0 0 8 0x80041f98
1005 -4.5 24.2351 0 0 19.9996 0.120147 0 0 8 0x80041f98
1003 55.7969 48.5 0 0 -15 0 0 0 8 1.03125
1005 -4.5 34.8892 0 0 19.4669 -4.58673 0 0 8 0x80041f98
1005 -4.5 27.9124 0 0 19.9404 -1.54317 0 0 8 0x80041f98
1001 80 1 40 0 0 0 0 0 0 0 4 
