0 40 16.1489 0
1004 12 42 0 0 0 0 0 0 0 3 -1 0
1004 27 44 0 0 0 0 0 0 0 3 1 0
1004 24 35 0 0 0 0 0 0 0 3 1 0
1004 10 32 0 0 0 0 0 0 0 3 1 0
1004 7 32 0 0 0 0 0 0 0 3 1 0
1001 1 1 29 7.08476 0 0 0 0 0 0 0 
1001 1 1 5 22.1489 0 0 0 0 0 0 0 
1001 1 1 6 22.1489 0 0 0 0 0 0 0 
1001 1 1 7 22.1489 0 0 0 0 0 0 0 
1001 1 1 8 22.1489 0 0 0 0 0 0 0 
1001 1 1 9 22.1489 0 0 0 0 0 0 0 
1001 1 1 10 22.1489 0 0 0 0 0 0 0 
1001 1 1 11 22.1489 0 0 0 0 0 0 0 
1001 1 1 12 22.1489 0 0 0 0 0 0 0 
1001 1 1 13 22.1489 0 0 0 0 0 0 0 
1001 1 1 14 22.1489 0 0 0 0 0 0 0 
1001 1 1 15 22.1489 0 0 0 0 0 0 0 
1001 1 1 16 22.1489 0 0 0 0 0 0 0 
1001 1 1 17 22.1489 0 0 0 0 0 0 0 
1001 1 1 18 22.1489 0 0 0 0 0 0 0 
1001 1 1 19 22.1489 0 0 0 0 0 0 0 
1001 1 1 20 22.1489 0 0 0 0 0 0 0 
1001 1 1 20 21.1489 0 0 0 0 0 0 0 
1001 1 1 21 21.1489 0 0 0 0 0 0 0 
1001 1 1 22 21.1489 0 0 0 0 0 0 0 
1001 1 1 23 21.1489 0 0 0 0 0 0 0 
1001 1 1 24 21.1489 0 0 0 0 0 0 0 
1001 1 1 25 21.1489 0 0 0 0 0 0 0 
1001 1 1 26 21.1489 0 0 0 0 0 0 0 
1001 1 1 27 21.1489 0 0 0 0 0 0 0 
1001 1 1 28 21.1489 0 0 0 0 0 0 0 
1001 1 1 29 21.1489 0 0 0 0 0 0 0 
1001 1 1 30 21.1489 0 0 0 0 0 0 0 
1001 1 1 31 21.1489 0 0 0 0 0 0 0 
1001 1 1 32 21.1489 0 0 0 0 0 0 0 
1001 1 1 33 21.1489 0 0 0 0 0 0 0 
1001 1 1 34 21.1489 0 0 0 0 0 0 0 
1001 1 1 35 21.1489 0 0 0 0 0 0 0 
1001 1 1 36 21.1489 0 0 0 0 0 0 0 
1001 1 1 37 21.1489 0 0 0 0 0 0 0 
1001 1 1 38 21.1489 0 0 0 0 0 0 0 
1001 1 1 39 21.1489 0 0 0 0 0 0 0 
1001 1 1 40 21.1489 0 0 0 0 0 0 0 
1001 1 1 41 21.1489 0 0 0 0 0 0 0 
1001 1 1 42 21.1489 0 0 0 0 0 0 0 
1001 1 1 42 22.1489 0 0 0 0 0 0 0 
1001 1 1 43 22.1489 0 0 0 0 0 0 0 
1001 1 1 44 22.1489 0 0 0 0 0 0 0 
1001 1 1 45 22.1489 0 0 0 0 0 0 0 
1001 1 1 45 23.1489 0 0 0 0 0 0 0 
1001 1 1 46 23.1489 0 0 0 0 0 0 0 
1001 1 1 46 24.1489 0 0 0 0 0 0 0 
1001 1 1 47 24.1489 0 0 0 0 0 0 0 
1001 1 1 47 25.1489 0 0 0 0 0 0 0 
1001 1 1 47 26.1489 0 0 0 0 0 0 0 
1001 1 1 48 26.1489 0 0 0 0 0 0 0 
1001 1 1 48 27.1489 0 0 0 0 0 0 0 
1001 1 1 48 28.1489 0 0 0 0 0 0 0 
1001 1 1 48 29.1489 0 0 0 0 0 0 0 
1001 1 1 48 30.1489 0 0 0 0 0 0 0 
1001 1 1 48 31.1489 0 0 0 0 0 0 0 
1001 1 1 48 32.1489 0 0 0 0 0 0 0 
1001 1 1 48 33.1489 0 0 0 0 0 0 0 
1001 1 1 48 34.1489 0 0 0 0 0 0 0 
1001 1 1 47 35.1489 0 0 0 0 0 0 0 
1001 1 1 47 36.1489 0 0 0 0 0 0 0 
1001 1 1 46 36.1489 0 0 0 0 0 0 0 
1001 1 1 46 37.1489 0 0 0 0 0 0 0 
1001 1 1 45 37.1489 0 0 0 0 0 0 0 
1001 1 1 44 37.1489 0 0 0 0 0 0 0 
1001 1 1 43 37.1489 0 0 0 0 0 0 0 
1001 1 1 42 37.1489 0 0 0 0 0 0 0 
1001 1 1 41 37.1489 0 0 0 0 0 0 0 
1001 1 1 40 37.1489 0 0 0 0 0 0 0 
1001 1 1 39 37.1489 0 0 0 0 0 0 0 
1001 1 1 39 36.1489 0 0 0 0 0 0 0 
1001 1 1 38 36.1489 0 0 0 0 0 0 0 
1001 1 1 37 36.1489 0 0 0 0 0 0 0 
1001 1 1 36 36.1489 0 0 0 0 0 0 0 
1001 1 1 35 36.1489 0 0 0 0 0 0 0 
1001 1 1 34 36.1489 0 0 0 0 0 0 0 
1001 1 1 33 36.1489 0 0 0 0 0 0 0 
1001 1 1 32 36.1489 0 0 0 0 0 0 0 
1001 1 1 31 36.1489 0 0 0 0 0 0 0 
