0 40 25 0x80041e68
1000 0x80041e68 12.1719 38.5 0 0 0 0 0 0 1 1
1001 10 5 10 42.5 0 0 0 0 0 0 0 
1001 6 3 7 34.5 0 0 0 0 0 0 0 
1001 12 3 23 29.5 0 0 0 0 0 0 0 
1001 6 3 40 27.5 0 0 0 0 0 0 0 
1001 6 3 60 22.5 0 0 0 0 0 0 0 
1001 4 30 -2 35 0 0 0 0 0 0 0 
1001 8 3 70 14.5 0 0 0 0 0 0 0 
1001 20 2 50 10 0 0 0 0 0 0 0 
1001 20 2 20 12 0 0 0 0 0 0 0 
1001 16 4 0 18 0 0 0 0 0 0 0 
1001 12 4 -8 40 0 0 0 0 0 0 0 
1001 12 4 -32 40 0 0 0 0 0 0 0 
1001 4 8 -36 46 0 0 0 0 0 0 0 
1001 3 3 50 20.5 0 0 0 0 0 0 2 
1002 19.4844 27.5 0 0 -15 0 0 0 2 6 23 27 
1004 75 48.5 0 0 0 0 0 0 0 2.66406 -1 0
1007 -6 48.5 0 0 0 0 0 0 16 1
1006 -20 40 0 0 0 0 0 0 0 0x80041e68
1006 -10 30 0 0 0 0 0 0 0 0x80041e68
1003 31.4219 48.5 0 0 -15 0 0 0 8 2.66406
1001 80 1 40 0 0 0 0 0 0 0 4 
